13
7
11
14
13
21
18
25
25
6
22
17
20
16
21
16
12
2
22
24
18
1
18
10
1
18
24
25
17
14
1
7
11
24
18
8
11
2
8
1
12
5
18
17
15
9
19
14
6
24
12
14
24
15
20
16
17
4
13
9
15
1
19
24
4
14
6
23
19
16
7
8
18
13
4
8
4
6
24
3
25
17
3
4
25
6
23
25
8
14
2
12
23
24
6
10
21
12
19
8
18
24
9
24
19
3
11
14
10
20
4
2
18
1
9
25
8
17
24
5
7
18
21
19
22
11
7
18
2
3
19
15
19
24
21
8
16
19
17
7
8
18
5
3
16
3
2
15
1
2
9
19
8
14
23
11
20
9
5
25
19
22
23
7
10
1
10
20
10
9
18
2
21
16
15
22
14
2
5
2
2
19
5
18
9
18
23
19
24
17
17
8
1
14
14
23
21
13
24
1
2
25
25
11
14
14
14
14
14
12
6
25
11
10
23
13
19
17
16
10
25
15
21
7
16
24
1
24
16
20
18
9
21
8
5
11
4
11
13
21
22
12
23
24
13
9
24
17
10
18
9
20
16
5
19
11
1
4
15
25
7
15
4
23
8
4
15
12
13
21
15
19
19
5
8
11
16
12
22
10
19
6
20
4
5
1
20
3
4
3
20
10
25
6
10
6
15
2
23
10
11
5
11
23
23
8
20
16
1
17
23
17
20
20
22
3
24
21
17
22
1
12
2
13
12
7
23
12
22
9
9
9
2
11
10
15
16
17
19
24
1
4
12
23
22
17
20
23
22
14
17
13
25
21
9
1
4
2
19
12
16
24
19
10
25
14
10
8
5
3
9
13
5
8
5
3
9
1
3
10
10
17
4
2
13
19
1
17
17
15
6
5
13
10
17
10
10
9
19
9
11
8
24
8
14
23
10
24
1
7
24
25
19
8
4
10
6
17
18
4
19
14
16
2
15
9
7
24
3
10
8
2
5
19
17
17
9
2
11
16
14
23
2
14
24
20
11
4
12
23
22
24
5
7
24
10
3
6
5
4
12
3
22
24
8
12
10
13
9
2
3
2
21
25
7
2
13
8
22
24
11
8
4
18
10
15
1
3
1
21
7
7
15
25
5
19
5
13
21
12
